4.062108810278157178e-01
-1.428522067890005548e-02
3.843498721638598514e-01
4.025788290742314257e-01
2.609846792649272440e-01
4.069432009468106903e-01
9.878237195322869812e-02
5.766647886037064297e-02
-1.431026723586089830e-02
-1.257743846812838795e-01
2.454040348338004662e-01
4.673682958584511604e-02
1.598538624761790261e-02
-2.073988347200676763e-02
-1.415325105802141548e-01
-1.258352780939730464e-01
-1.519837163284491477e-01
-7.857665297991399400e-02
-6.529151159961153750e-02
-8.165780327251351278e-02
-1.053425574795488762e-01
-9.779417989753742824e-02
8.798041097548040326e-03
2.095126372425899428e-02
3.199283344994937606e-01
2.451257781631241972e-01
-2.367053320763961854e-01
3.001737576040096611e-01
-4.125833056554498862e-02
2.910583434424863225e-01
-1.112936104701265499e-01
-2.228341381107822317e-01
1.889193380746202050e-02
7.917540253008485962e-01
-7.381626880837902083e-02
-5.668620628731362299e-01
-1.325741749754441590e-01
-1.193967022113296278e-01
-1.599816803822588229e-01
-9.427507814233604053e-03
-1.532321420445493035e-02
3.850413765072088212e-01
-9.816334941498550126e-02
-1.576680642213562633e-01
-1.260382998786070963e-01
-2.744605128825314821e-01
-6.854375986351822492e-02
3.338662367583174473e-01
5.577804164085171934e-02
3.724664050775926966e-02
2.880281375301246838e-02
-3.162461388475781843e-02
-1.421751099584087907e-01
7.155772120247537726e-01
-3.388831491703901411e-01
-1.520959410761701935e-01
-4.051243720498260981e-01
-2.506959163968827675e-01
2.201770307746432620e-01
-5.205000308876121112e-02
2.033135483681599090e-02
-1.565657379785315440e-01
-5.872795220980735892e-02
1.505154895547379246e-01
1.755466152571159150e-02
2.269801199234479025e-02
-1.705539494609820822e-03
-3.494322634631139013e-02
8.267309891090323520e-03
-4.287680236125635674e-02
-1.633394119637037942e-02
-3.875992289825193338e-02
2.697372875753172375e-02
3.317805272479333600e-02
1.594783851311604855e-02
4.174650423221308061e-03
-3.244524514367992662e-02
-3.196723892350852164e-02
-4.524886877828091999e-03
-1.322484095068457086e-02
9.578701140549318940e-03
1.864350283202405832e-03
2.356175216806732226e-02
3.468377824334398923e-02
-1.205866317673411070e-02
2.406242813669461078e-02
-2.223823125085569105e-02
2.202187380659536078e-02
-8.622029396693814754e-03
-1.121567916458862807e-01
-2.272367541614788572e-02
-2.170548420121124616e-02
-2.144984392837674669e-02
1.912859248802954715e-02
-1.853566380387854963e-03
-2.172463322637236890e-02
-3.832713288389558853e-02
-2.018398294192438609e-04
-4.656085967520427402e-03
3.356962145828899791e-02
-7.606243067016053676e-03
-1.144228587543474548e-02
5.882169495871882731e-02
-2.507251148719561243e-02
1.754488021235419554e-02
1.120761085720176423e-02
