-1.381281228407576500e-01
8.624252712739035112e-03
-1.198755073289702461e-01
-1.250258188470627363e-01
-7.897010025210138284e-02
-1.247014013571440261e-01
-3.211342938794564672e-02
-1.871734532195991341e-02
7.671018173155237478e-03
5.212424206630842521e-02
-7.914777158818202263e-02
-2.014024753234296139e-02
-1.680117877798774709e-02
5.266236665597009460e-03
3.874736124400777332e-02
4.378986482398550262e-02
4.664881991328594796e-02
2.012250251890045777e-02
2.371276145517403275e-02
1.948442697457945100e-02
3.659975539883891099e-02
3.365771981506983368e-02
-9.080160481097903366e-04
-2.509039319143797561e-03
-1.033138831081627379e-01
-6.996703851758874493e-02
6.983895787660795995e-02
-1.025771867056501363e-01
1.109955473312724226e-02
-8.568011418329438134e-02
3.981679448188457648e-02
7.098148426456421523e-02
-7.938498792504342094e-03
-2.464765402604091327e-01
2.425078722204246015e-02
1.754517208586197363e-01
4.584613982891491690e-02
3.164411550086939501e-02
5.804607291226025062e-02
2.985320012919352728e-03
5.115523540100500206e-03
-1.200456517163638187e-01
2.873299775774642087e-02
4.854076391989982364e-02
3.838343554390728080e-02
8.708044309331432198e-02
1.389581068415956383e-02
-1.006922989590870038e-01
-1.566585154885663522e-02
-1.736955701499692806e-02
-1.907485378504170451e-02
1.631492338314285626e-02
3.915393627146331046e-02
-2.214975499446884266e-01
1.003434696705086809e-01
4.280330816034406960e-02
1.281949742119964097e-01
8.392345613225352108e-02
-6.918145655591129151e-02
1.740271210491198262e-02
1.752165998545462218e-03
4.881724279313146703e-02
1.978347966670807034e-02
-5.162548213839508043e-02
-5.180425433922078611e-03
-5.854726872124541188e-03
-2.337603120470736415e-03
1.106389059285052545e-02
2.633565663627801621e-03
1.475082716622159139e-02
7.298325327147685932e-04
1.786445619297665627e-02
-1.654788497685430329e-03
-3.733713758831499422e-03
-8.927188112520915292e-03
-3.306640311026219983e-03
1.578205930605422469e-02
3.237293193739043066e-03
5.404330701786409091e-03
4.187551314327041252e-03
5.958141992113163456e-04
3.056225973426489675e-03
-8.750548989980651629e-03
-3.734357018607962174e-03
2.262774059659028913e-04
-3.734605028955985829e-03
1.322113122332890280e-02
-7.176141376915113300e-03
5.215584474873254106e-03
3.629236051825564247e-02
3.789145618533280857e-03
3.144733038251355459e-03
7.377688422760928129e-03
-5.471301791403091093e-03
5.703262154264362310e-03
-1.860690126955665729e-03
7.442617757700701990e-03
-1.235293368804807378e-03
7.965458802784326775e-03
-7.658380749783205580e-04
-1.217543048915672912e-03
3.241164300248377747e-03
-2.826396272716915833e-02
1.908415790242115953e-02
-9.969698349944927131e-04
2.550257397809208969e-03
