3.980245892861047352e-01
2.348788183412624242e-02
4.436384600474149176e-01
2.419708437176790738e+00
2.906101777022668253e-01
3.839129670323281895e-01
9.689618842619160399e-02
5.545280661217295848e-03
-9.360490582990521613e-02
3.964193050734034218e-02
8.048624145652829090e-03
-7.794837726996153154e-03
-4.582109715656427357e-02
-1.710654676469917368e-01
-9.213819025088011705e-02
-2.076530689379802175e-01
-1.995096739306329858e-01
-1.165263950704300555e-01
-1.582502003700231585e-01
-1.446263111550176172e-01
-2.247900077404540176e-01
-2.531582486633415785e-01
8.811786318731065770e-02
7.384399001894245695e-02
3.664620074989804466e-01
2.811858110179582537e-01
-1.329874300211300320e-01
2.220992270972482197e-01
-6.308380939248592334e-01
2.273695534008763897e-01
-3.572280751881116295e-02
-2.599083096523872594e-01
1.029555950701630841e-02
8.899797526007279247e-01
-1.057435440027300749e-01
-5.986463854207505486e-01
-1.642922816058962066e-01
-1.881795211220517183e-01
-2.017732447791143607e-02
-9.454454083240482198e-02
7.731607339426189995e-03
2.925745055528484184e-01
-1.341903695753431658e-01
-1.347630645099449354e-01
-4.215815067084365680e-02
-2.495998442741141077e-01
-4.779943446561090714e-01
1.485284133558632813e-01
9.793478733631826028e-02
1.176151022661840601e-01
6.871700611075751142e-02
-5.219624226947657680e-02
-9.773631267289609181e-02
-1.596329537263639076e-01
2.619864677318905488e-01
-1.050530649987347354e-01
-2.698862610105943749e-01
9.683250549862877643e-02
2.343525683886205080e-01
-1.958582666581670795e-02
6.287703120279021507e-02
-3.756596251573052908e-02
4.383436405135856390e-03
4.720411831076796669e-03
2.048979658483148641e-02
-3.285923451735951739e-02
-9.126755315528281565e-02
-2.902769057540238729e-02
-1.098498897709645171e-02
-9.554787983891321890e-02
-3.887249109891286608e-02
-2.270072979745125369e-02
-3.262141917046040146e-02
6.571695698742280323e-02
5.326129279449329929e-02
-1.166183361538953994e-01
2.115684241097071788e-02
-7.895780102061038253e-03
-1.004652218651902046e-01
-2.492276674590038557e-02
-1.662253931660273923e-02
-6.274299153348786295e-02
6.097947328124709958e-03
2.656567423176749501e-02
3.342795062319828953e-02
6.483012539553076325e-02
5.773330284131322071e-02
8.924876821569312571e-03
-7.137766812631526903e-02
-2.226739790969521626e-02
-6.175236727171171808e-02
-1.486453367520041424e-01
1.148693063261753584e-02
5.072409452053779078e-02
4.442340074455202598e-02
-3.202777162360404602e-03
-9.594555027099669134e-03
-7.064178054953362818e-02
-5.203367002550348536e-02
5.334663031787027776e-02
-6.188377616262580316e-02
-6.125199143730332418e-02
4.425101368882888853e-02
-4.922950002053067681e-02
4.147825530308561770e-02
4.295447997350222008e-02
